0 86 0 0
100 88 26 98
0 0 63 84
0 0 54 0
36 60 85 38
100 0 0 100
0 44 66 88
84 32 70 98
86 50 43 62
6 20 90 0
0 0 0 86
72 0 72 72
0 0 0 98
89 0 89 0
54 54 36 18
63 35 91 7
73 68 91 65
76 20 32 30
0 0 79 79
0 0 87 0
12 84 96 96
71 58 10 65
70 70 0 0
90 0 45 90
34 8 40 76
86 0 0 0
0 95 95 0
65 68 2 58
72 64 20 16
0 64 96 0
42 62 8 28
0 0 26 26
36 78 24 54
38 63 100 97
16 68 34 52
54 90 18 90
84 84 84 98
12 84 80 52
0 90 35 74
99 99 66 0
44 28 24 94
51 99 24 63
30 75 0 0
26 39 78 91
66 33 99 66
97 94 39 27
0 68 34 68
20 24 14 28
71 51 70 88
60 68 82 16
88 44 99 0
84 6 95 65
66 51 72 23
80 68 92 52
88 0 0 22
6 24 54 24
58 29 0 87
0 66 0 0
33 99 3 84
92 0 46 92
82 82 0 0
38 95 95 57
0 84 16 16
80 16 80 32
10 20 50 100
0 0 58 58
52 26 65 0
0 37 37 0
96 84 64 32
42 35 98 84
98 42 56 0
100 84 98 38
88 44 88 44
44 0 0 22
0 71 71 0
55 89 49 61
11 24 85 22
2 17 99 45
66 33 55 0
0 0 0 49
0 0 0 60
40 40 80 0
35 6 93 91
46 69 23 0
96 27 27 15
0 78 0 0
55 11 44 66
45 0 0 45
94 0 47 94
72 12 12 64
70 70 35 35
24 39 6 15
0 93 93 93
28 80 4 68
54 0 0 54
0 0 0 0