00000 0
00001 0
00010 0
00011 0
00100 0
00101 1
00110 0
00111 0
01000 0
01001 1
01010 1
01011 1
01100 0
01101 1
01110 0
01111 0
10000 0
10001 1
10010 1
10011 1
10100 1
10101 2
10110 1
10111 1
11000 0
11001 1
11010 1
11011 1
11100 0
11101 1
11110 0
11111 0

100000 0
100001 1
100010 1
100011 1
100100 1
100101 2
100110 1
100111 1
101000 1
101001 2
101010 2
101011 2
101100 1
101101 1
101110 0
101111 0
110000 0
110001 1
110010 1
110011 1
110100 1
110101 2
110110 1
110111 1
111000 0
111001 1
111010 1
111011 1
111100 0
111101 1
111110 0
111111 0
