20 10 1000 40836 211
0.75257 0.01920 0.49062
0.79101 0.90362 0.77649
0.55574 0.23813 0.42466
0.86729 0.70577 0.64021
0.02640 0.31656 0.22140
0.26394 0.09840 0.93038
0.70617 0.69385 0.21564
0.52837 0.63973 0.64382
0.69271 0.06004 0.02624
0.95829 0.77790 0.79646
0.55238 0.35277 0.54642
0.53604 0.43453 0.58883
0.61486 0.55472 0.52163
0.70608 0.51574 0.69298
0.64663 0.45215 0.60776
0.55592 0.36747 0.37805
0.68232 0.50979 0.55984
0.69702 0.61797 0.53626
0.66401 0.42922 0.63331
0.58592 0.46995 0.51483
0.59415 0.46574 0.57076
0.58865 0.34254 0.38110
0.63167 0.36409 0.43482
0.69402 0.32268 0.40473
0.66361 0.46449 0.49939
0.70172 0.50157 0.64938
0.63523 0.49266 0.46620
0.52216 0.36441 0.32283
0.67299 0.56196 0.63750
0.56525 0.35237 0.49999
0.35923 0.37337 0.46759
0.67602 0.42003 0.54946
0.63464 0.53951 0.63390
0.55138 0.39181 0.54066
0.64003 0.45213 0.62706
0.62930 0.54234 0.58217
0.56271 0.34762 0.37952
0.59275 0.40799 0.43068
0.60478 0.47268 0.53336
0.68991 0.32034 0.56158
0.62009 0.31307 0.36427
0.68698 0.34943 0.40332
0.63115 0.45628 0.54199
0.50908 0.35849 0.48570
0.54545 0.33022 0.63968
0.69669 0.48407 0.60341
0.60913 0.42306 0.48177
0.54318 0.39527 0.64465
0.64822 0.50335 0.51094
0.47957 0.27116 0.58069
0.71791 0.64485 0.63830
0.53995 0.42289 0.62353
0.72173 0.45027 0.56656
0.43328 0.29103 0.67565
0.60467 0.38568 0.54460
0.62426 0.42844 0.53564
0.67907 0.46588 0.34789
0.51331 0.39816 0.45413
0.65094 0.41778 0.49037
0.60243 0.27591 0.40453
0.47762 0.35375 0.53584
0.64623 0.45980 0.49553
0.64077 0.44970 0.50589
0.57803 0.24774 0.44060
0.66985 0.51124 0.37744
0.70079 0.40672 0.48155
0.62590 0.50917 0.58579
0.66713 0.46351 0.42162
0.48127 0.23120 0.64710
0.62851 0.54864 0.46862
0.56613 0.48771 0.53735
0.54721 0.38351 0.49753
0.67848 0.57064 0.53822
0.63693 0.56555 0.52666
0.62306 0.42513 0.63523
0.59298 0.47646 0.49220
0.66698 0.57975 0.53872
0.62279 0.47818 0.56566
0.71612 0.41706 0.48517
0.66626 0.55342 0.66921
0.65988 0.55883 0.60031
0.59366 0.56575 0.52108
0.55701 0.34974 0.54456
0.67545 0.60113 0.52338
0.69325 0.54598 0.62919
0.62385 0.38708 0.53597
0.59341 0.55317 0.55566
0.60283 0.52859 0.45849
0.66743 0.53317 0.54833
0.69257 0.36403 0.44021
0.58475 0.47654 0.57581
0.60274 0.38161 0.51491
0.50490 0.36618 0.43060
0.71200 0.60021 0.48126
0.60925 0.33488 0.45176
0.70684 0.63989 0.56626
0.45447 0.51228 0.45550
0.58983 0.46839 0.39780
0.71320 0.53700 0.62821
0.58165 0.27309 0.48991
0.70696 0.54743 0.57202
0.64031 0.36542 0.52466
0.51135 0.51120 0.32633
0.62658 0.55702 0.59914
0.61286 0.40955 0.49709
0.51269 0.41875 0.59678
0.54977 0.26352 0.34645
0.41319 0.37679 0.51704
0.33666 0.39977 0.38893
0.68671 0.51183 0.53198
0.66747 0.55320 0.64609
0.64508 0.53682 0.54901
0.43284 0.35711 0.49988
0.69592 0.53029 0.64595
0.61695 0.35185 0.37324
0.59933 0.32231 0.43646
0.65608 0.45934 0.61213
0.50118 0.25768 0.27279
0.61848 0.52081 0.47720
0.55686 0.31165 0.73363
0.62251 0.41937 0.40257
0.67879 0.47765 0.50747
0.73175 0.55664 0.54129
0.66098 0.52613 0.63725
0.62213 0.25502 0.52799
0.67488 0.46476 0.60862
0.66793 0.59811 0.56424
0.57435 0.40913 0.45904
0.62839 0.46025 0.59062
0.69947 0.55422 0.65717
0.48702 0.35174 0.56801
0.68855 0.44979 0.56603
0.63342 0.41455 0.63021
0.67175 0.48168 0.43524
0.50510 0.34984 0.67770
0.60881 0.36760 0.44060
0.66740 0.42522 0.56357
0.65951 0.50004 0.43547
0.64833 0.45240 0.57000
0.54977 0.41006 0.49869
0.54177 0.36512 0.72354
0.64984 0.30770 0.39939
0.62882 0.36870 0.54887
0.75604 0.64330 0.64021
0.67426 0.47140 0.55895
0.45351 0.36024 0.41668
0.58142 0.50933 0.51519
0.29592 0.33341 0.38374
0.56171 0.34497 0.38740
0.60136 0.49554 0.51145
0.68216 0.51979 0.61270
0.75425 0.38028 0.54523
0.66073 0.44267 0.48322
0.60538 0.32929 0.44625
0.51953 0.49029 0.58245
0.68829 0.65881 0.65852
0.63921 0.49884 0.56555
0.67778 0.49029 0.56274
0.56469 0.50395 0.48349
0.70013 0.43258 0.52333
0.69287 0.51815 0.47024
0.64374 0.44847 0.52466
0.55573 0.55679 0.52829
0.67818 0.50955 0.51907
0.55965 0.51402 0.56058
0.63237 0.47591 0.59385
0.61430 0.46269 0.57747
0.70625 0.59457 0.60019
0.62194 0.48824 0.61613
0.56369 0.47778 0.55807
0.72063 0.63729 0.64617
0.41746 0.44028 0.38979
0.71486 0.44931 0.56437
0.55046 0.37169 0.36485
0.61527 0.34473 0.41269
0.54307 0.31905 0.49440
0.61165 0.37817 0.60466
0.54286 0.42698 0.64131
0.46360 0.37528 0.55302
0.69802 0.60283 0.64157
0.61124 0.28595 0.39898
0.54295 0.34461 0.56099
0.66369 0.38057 0.52785
0.56637 0.31199 0.43279
0.62436 0.50594 0.57877
0.65391 0.41304 0.39372
0.59493 0.53759 0.64684
0.60709 0.48931 0.45450
0.65525 0.49056 0.56419
0.32686 0.23680 0.57513
0.45555 0.33528 0.39591
0.63661 0.40242 0.43716
0.64986 0.40004 0.48055
0.61069 0.36697 0.56540
0.78464 0.67915 0.66091
0.58363 0.44398 0.44684
0.57535 0.56979 0.60120
0.57028 0.50768 0.63002
0.67328 0.49160 0.50469
0.51596 0.42880 0.41811
0.50003 0.51254 0.52725
0.55513 0.45956 0.54205
0.63380 0.43266 0.62854
0.50880 0.44239 0.42036
0.67757 0.46583 0.36676
0.59082 0.46732 0.57043
0.73859 0.38158 0.62486
0.62174 0.42946 0.43355
0.71946 0.48119 0.57370
0.38988 0.29346 0.54230
0.70631 0.36652 0.44666
0.61995 0.45694 0.45004
0.53421 0.20887 0.37514
0.47373 0.41312 0.39713
0.60463 0.44373 0.49879
0.67385 0.58414 0.48923
0.72892 0.50939 0.40410
0.66649 0.54084 0.60232
0.71045 0.47954 0.56733
0.47863 0.22076 0.67295
0.53611 0.32082 0.40795
0.69194 0.42900 0.56939
0.72959 0.47769 0.49200
0.67863 0.46215 0.42352
0.58504 0.40392 0.56666
0.78039 0.62271 0.67954
0.60431 0.52675 0.64703
0.64992 0.56619 0.61541
0.70900 0.58364 0.56446
0.47161 0.42206 0.56052
0.50893 0.33067 0.55860
0.65276 0.49141 0.50628
0.58940 0.37588 0.38112
0.66919 0.31372 0.37870
0.73775 0.64920 0.57413
0.58028 0.34124 0.49189
0.48297 0.48423 0.48182
0.67794 0.52169 0.47055
0.61753 0.55677 0.58728
0.64622 0.57190 0.59296
0.63705 0.45260 0.46176
0.70119 0.47135 0.51909
0.65262 0.32302 0.44396
0.46109 0.37450 0.60022
0.57768 0.49716 0.38154
0.68877 0.47630 0.53849
0.69847 0.48977 0.51399
0.70422 0.40971 0.51211
0.66761 0.35181 0.47007
0.65081 0.47619 0.44080
0.45447 0.30091 0.65110
0.66381 0.59400 0.59670
0.58500 0.44694 0.56635
0.42139 0.35911 0.48230
0.54120 0.47488 0.51785
0.69811 0.52624 0.53355
0.70734 0.48263 0.58407
0.70204 0.44295 0.44845
0.75176 0.64721 0.59092
0.58603 0.49313 0.62403
0.51422 0.43087 0.43878
0.69504 0.60362 0.46144
0.42788 0.37967 0.38563
0.58456 0.50605 0.52842
0.66834 0.54658 0.56214
0.52625 0.54500 0.50111
0.40329 0.47023 0.48453
0.60934 0.47941 0.52176
0.70022 0.60024 0.45327
0.52279 0.31921 0.44071
0.68004 0.34265 0.47737
0.48112 0.42917 0.35267
0.61153 0.41060 0.59419
0.65291 0.58823 0.54177
0.45905 0.38646 0.54793
0.58964 0.46759 0.42392
0.65604 0.48001 0.46329
0.62056 0.30397 0.46375
0.70024 0.49652 0.54427
0.71513 0.60004 0.63561
0.53841 0.38026 0.63545
0.67467 0.47318 0.48820
0.63649 0.34086 0.49990
0.59540 0.41792 0.60439
0.46385 0.41454 0.59018
0.74884 0.57083 0.60146
0.65731 0.55827 0.59573
0.59375 0.50029 0.64730
0.58071 0.41499 0.57677
0.61287 0.54267 0.64861
0.66392 0.42508 0.51165
0.58052 0.49461 0.41967
0.68604 0.39377 0.40063
0.44422 0.35438 0.47217
0.53353 0.41835 0.70729
0.62828 0.54144 0.48852
0.68223 0.59759 0.59407
0.58393 0.42040 0.46481
0.62752 0.51796 0.54756
0.69694 0.57122 0.59150
0.64051 0.52921 0.60865
0.29249 0.39587 0.32803
0.66607 0.51234 0.47229
0.63679 0.46358 0.46690
0.56253 0.38704 0.62327
0.68000 0.58576 0.58056
0.55131 0.32514 0.43452
0.68657 0.32382 0.42492
0.50537 0.46833 0.53557
0.51488 0.42116 0.52870
0.62738 0.21071 0.20629
0.61359 0.44150 0.50360
0.61259 0.58400 0.57154
0.65215 0.42544 0.44979
0.71083 0.46193 0.48902
0.52613 0.35580 0.67492
0.67547 0.60789 0.45877
0.52765 0.31959 0.37732
0.59570 0.53871 0.46795
0.78218 0.57838 0.61723
0.68190 0.49958 0.60285
0.66112 0.26840 0.49626
0.56525 0.49563 0.51672
0.64885 0.59198 0.51340
0.68331 0.51283 0.53303
0.60355 0.32837 0.38231
0.65682 0.52141 0.52753
0.71538 0.29132 0.42167
0.68859 0.36164 0.41444
0.56873 0.41331 0.55283
0.55577 0.35772 0.51101
0.56967 0.35444 0.51396
0.60398 0.44305 0.51471
0.60215 0.50349 0.44966
0.67799 0.47515 0.53833
0.67362 0.36868 0.41173
0.61585 0.36372 0.55671
0.63777 0.36506 0.40805
0.59879 0.33009 0.36715
0.75523 0.64114 0.53563
0.61567 0.27617 0.46853
0.65405 0.49689 0.44296
0.54803 0.32787 0.55996
0.69877 0.46028 0.44914
0.64503 0.16919 0.56557
0.65211 0.33087 0.48276
0.46684 0.27257 0.39919
0.55247 0.30480 0.35252
0.56083 0.45189 0.54152
0.62447 0.53249 0.67534
0.48351 0.39746 0.57798
0.59361 0.48420 0.46729
0.60952 0.59569 0.61260
0.60645 0.39047 0.53580
0.59676 0.41200 0.47148
0.61100 0.41799 0.39549
0.72854 0.47243 0.59324
0.58859 0.60142 0.55177
0.66450 0.54285 0.54887
0.51560 0.31520 0.61258
0.56595 0.27544 0.42311
0.54244 0.57653 0.39644
0.72491 0.45321 0.52331
0.71152 0.52761 0.58418
0.58685 0.32835 0.33156
0.66250 0.44048 0.49103
0.49955 0.41566 0.44680
0.64101 0.45001 0.52664
0.56901 0.49518 0.47514
0.61525 0.41787 0.46119
0.65698 0.40774 0.49325
0.64043 0.41883 0.49024
0.47108 0.46802 0.47009
0.61979 0.42814 0.52829
0.56276 0.49857 0.53906
0.61816 0.42540 0.66741
0.68875 0.41382 0.47713
0.67088 0.47012 0.46950
0.61412 0.49317 0.60933
0.67223 0.60495 0.63200
0.65285 0.52416 0.54447
0.69162 0.49510 0.46328
0.68409 0.54326 0.51837
0.74795 0.46431 0.55035
0.64212 0.34843 0.55883
0.67029 0.49727 0.52843
0.69386 0.46895 0.54220
0.62074 0.46344 0.59538
0.72354 0.55060 0.52119
0.59315 0.41606 0.59661
0.65152 0.47774 0.59333
0.67407 0.44865 0.62809
0.69874 0.43937 0.50912
0.63858 0.39821 0.53265
0.66589 0.53986 0.58116
0.60918 0.45408 0.58230
0.62871 0.37384 0.47706
0.44285 0.27018 0.32826
0.69176 0.41466 0.58136
0.59611 0.44667 0.49153
0.56027 0.35554 0.32541
0.57322 0.48561 0.53062
0.64615 0.43531 0.55304
0.62934 0.47144 0.52823
0.59753 0.37667 0.66692
0.71334 0.50634 0.57514
0.76377 0.58261 0.65977
0.55178 0.26843 0.34889
0.70498 0.60219 0.61944
0.46743 0.38655 0.63262
0.69884 0.46583 0.58620
0.61173 0.46576 0.54013
0.63960 0.31396 0.35909
0.49471 0.23307 0.61676
0.50560 0.38042 0.40962
0.63192 0.62337 0.58670
0.60520 0.28973 0.32987
0.57298 0.32565 0.43233
0.69705 0.60831 0.62304
0.69196 0.40387 0.56064
0.51365 0.52212 0.48366
0.67654 0.49835 0.46710
0.57746 0.45204 0.49723
0.54491 0.34570 0.60505
0.67392 0.57656 0.39465
0.65652 0.57593 0.54180
0.58148 0.44781 0.44898
0.53203 0.40063 0.55424
0.69199 0.57136 0.56071
0.59567 0.41097 0.67239
0.74267 0.49850 0.54332
0.54350 0.42598 0.48114
0.42361 0.37944 0.42034
0.63532 0.40342 0.31873
0.64052 0.40825 0.60450
0.64071 0.39494 0.51264
0.63024 0.50510 0.51078
0.61693 0.59829 0.57859
0.53477 0.50138 0.38965
0.73535 0.60681 0.67145
0.57510 0.41264 0.49641
0.54633 0.35180 0.40154
0.65189 0.42675 0.34222
0.77119 0.56836 0.61839
0.64703 0.40382 0.41061
0.56354 0.28557 0.39910
0.69615 0.49669 0.37705
0.67942 0.38597 0.55022
0.54313 0.40154 0.42246
0.75680 0.41001 0.60293
0.73655 0.64922 0.65697
0.65985 0.44544 0.50593
0.68288 0.55788 0.59166
0.71386 0.36688 0.44671
0.56632 0.48031 0.55265
0.71766 0.51177 0.47822
0.52355 0.33506 0.52040
0.77587 0.58335 0.55823
0.62854 0.51065 0.48450
0.67108 0.40398 0.33473
0.62584 0.47550 0.59642
0.68396 0.57504 0.61310
0.49642 0.35860 0.45363
0.62754 0.56402 0.52741
0.66921 0.42524 0.51694
0.56429 0.53634 0.46148
0.64843 0.54338 0.55034
0.63303 0.41970 0.51421
0.64148 0.51130 0.51973
0.61139 0.41392 0.54524
0.73386 0.65708 0.52371
0.59540 0.49225 0.57162
0.72177 0.59047 0.57457
0.66228 0.30312 0.41971
0.67483 0.53156 0.66804
0.49992 0.41712 0.69383
0.51390 0.41523 0.48648
0.42008 0.28011 0.39917
0.60861 0.50723 0.51580
0.55941 0.41843 0.50425
0.58371 0.44125 0.51551
0.52092 0.36262 0.51722
0.57774 0.34484 0.48922
0.67298 0.48791 0.56670
0.63104 0.36984 0.49246
0.52361 0.45349 0.50656
0.65389 0.45909 0.56719
0.57464 0.56013 0.41864
0.56742 0.31154 0.45565
0.59625 0.32635 0.44037
0.66473 0.56767 0.55989
0.60920 0.32424 0.34269
0.69145 0.49051 0.54532
0.41173 0.39812 0.36882
0.75750 0.59038 0.54633
0.53684 0.28386 0.44994
0.69147 0.35082 0.44661
0.63921 0.44075 0.47567
0.66964 0.50065 0.54731
0.61765 0.44391 0.50438
0.63103 0.49597 0.50446
0.69814 0.43904 0.54653
0.70831 0.43204 0.51627
0.72062 0.35546 0.54195
0.61972 0.41181 0.52954
0.51114 0.52326 0.48093
0.65643 0.38279 0.57094
0.65819 0.51914 0.57622
0.66304 0.43909 0.53488
0.61380 0.58595 0.61805
0.64920 0.46335 0.54454
0.54010 0.25067 0.32600
0.36664 0.25274 0.68808
0.65364 0.37189 0.53454
0.62075 0.33756 0.59653
0.65727 0.43193 0.53193
0.48414 0.50462 0.36057
0.59524 0.59431 0.56186
0.68942 0.43354 0.49937
0.53456 0.48091 0.56010
0.55264 0.53644 0.53471
0.60277 0.45345 0.48961
0.64402 0.40549 0.43737
0.49372 0.47223 0.40326
0.67657 0.47446 0.46384
0.55822 0.54260 0.48371
0.66528 0.57448 0.65631
0.70105 0.48599 0.50578
0.65611 0.63399 0.55270
0.70512 0.50538 0.60429
0.61424 0.38686 0.52137
0.70636 0.41718 0.42520
0.49268 0.27522 0.64474
0.58850 0.34859 0.49255
0.68747 0.32925 0.38393
0.64496 0.52008 0.58275
0.65086 0.39969 0.50029
0.58842 0.27146 0.54611
0.60141 0.38205 0.39004
0.63624 0.62785 0.65530
0.68884 0.59918 0.53980
0.78232 0.50810 0.50874
0.59934 0.51622 0.56134
0.67632 0.48780 0.57530
0.62183 0.41981 0.61573
0.62124 0.56726 0.57667
0.72472 0.53007 0.63109
0.77158 0.53689 0.53558
0.65227 0.44704 0.55469
0.70801 0.53668 0.59985
0.66397 0.43270 0.55987
0.62989 0.54719 0.41488
0.63904 0.43588 0.46181
0.66872 0.48435 0.43698
0.64021 0.39144 0.54567
0.61606 0.30473 0.44071
0.56215 0.35970 0.57849
0.55890 0.47721 0.42690
0.59424 0.39940 0.37038
0.66297 0.37960 0.57403
0.60698 0.31456 0.43412
0.81003 0.48234 0.62600
0.54586 0.27810 0.67634
0.71734 0.41939 0.59425
0.67236 0.44281 0.52528
0.62097 0.52763 0.50875
0.51002 0.49655 0.48248
0.50309 0.43115 0.44094
0.67257 0.44292 0.55709
0.68854 0.46053 0.48088
0.59825 0.29501 0.51135
0.66347 0.61561 0.59512
0.64533 0.48264 0.54600
0.66975 0.44387 0.60209
0.47825 0.40718 0.44899
0.57443 0.47792 0.59543
0.42369 0.40439 0.47761
0.50635 0.47927 0.51218
0.66509 0.45469 0.55166
0.71487 0.34747 0.40842
0.63349 0.49270 0.53864
0.72417 0.33199 0.42466
0.63145 0.42356 0.48020
0.63198 0.37867 0.48166
0.53244 0.41823 0.66398
0.66151 0.51538 0.50410
0.61169 0.33670 0.40288
0.66141 0.54307 0.40096
0.55496 0.19040 0.54090
0.60362 0.36231 0.49279
0.45855 0.34707 0.70172
0.73673 0.62565 0.59693
0.62796 0.56888 0.48066
0.66322 0.53084 0.59467
0.48454 0.37916 0.45777
0.52495 0.36454 0.37785
0.66138 0.39110 0.48833
0.55745 0.46314 0.48472
0.68845 0.60045 0.51284
0.65157 0.44677 0.57791
0.52610 0.49723 0.51961
0.57792 0.40672 0.64346
0.69156 0.61650 0.66768
0.65340 0.50513 0.53567
0.50652 0.35245 0.53812
0.70145 0.53066 0.49660
0.57666 0.42815 0.46040
0.49834 0.35987 0.40439
0.58647 0.31062 0.40132
0.60130 0.53059 0.45040
0.64698 0.45827 0.59512
0.52162 0.45028 0.40886
0.47068 0.19726 0.59317
0.51756 0.34786 0.45871
0.69310 0.52458 0.53678
0.58274 0.54460 0.46073
0.69424 0.51085 0.56200
0.65914 0.54456 0.56309
0.55137 0.47682 0.54650
0.62509 0.39654 0.43998
0.63254 0.52050 0.46700
0.51145 0.33185 0.60563
0.60975 0.54453 0.59857
0.69363 0.54504 0.55832
0.66501 0.49894 0.50269
0.69290 0.43876 0.50247
0.71603 0.36238 0.47576
0.61258 0.50107 0.48598
0.67190 0.38190 0.56189
0.61977 0.53738 0.51179
0.78328 0.58723 0.60565
0.61278 0.45711 0.53506
0.58574 0.46022 0.66832
0.46580 0.32408 0.50808
0.49813 0.38120 0.49169
0.57016 0.33475 0.54402
0.52913 0.41082 0.55757
0.68807 0.55166 0.60534
0.63495 0.36248 0.53491
0.47439 0.42453 0.53015
0.70348 0.62316 0.55797
0.55390 0.47232 0.38986
0.61637 0.41891 0.35374
0.58782 0.32174 0.39938
0.48618 0.49153 0.50392
0.61647 0.59084 0.43818
0.56451 0.57336 0.47859
0.71606 0.37913 0.43171
0.78662 0.61545 0.61712
0.68823 0.40366 0.49250
0.67307 0.47799 0.56227
0.62768 0.49005 0.58557
0.79177 0.58803 0.57634
0.68184 0.55558 0.59369
0.51846 0.31078 0.60760
0.51974 0.40842 0.41186
0.53852 0.46867 0.44364
0.60283 0.27229 0.46631
0.54932 0.45402 0.47933
0.46294 0.44016 0.43109
0.78698 0.54987 0.60920
0.74088 0.50899 0.57121
0.51753 0.38666 0.53859
0.49936 0.29273 0.35282
0.70479 0.48094 0.60321
0.51179 0.41441 0.50104
0.67821 0.54240 0.60191
0.75094 0.55793 0.52037
0.61607 0.41376 0.52881
0.74021 0.58292 0.54338
0.59907 0.49670 0.51482
0.62551 0.47311 0.51655
0.63426 0.41926 0.63953
0.60330 0.31659 0.45839
0.68355 0.54687 0.58800
0.59793 0.30723 0.37953
0.74834 0.58335 0.71596
0.67081 0.43941 0.63656
0.60859 0.46631 0.54961
0.47236 0.26614 0.61539
0.56594 0.45547 0.57389
0.57365 0.36454 0.53669
0.53271 0.29104 0.37939
0.57450 0.48263 0.48780
0.50627 0.39120 0.52788
0.44221 0.28622 0.43300
0.59603 0.48202 0.45878
0.75882 0.65759 0.63224
0.68239 0.51998 0.47508
0.48734 0.44397 0.44587
0.59962 0.29561 0.34877
0.70051 0.58796 0.45203
0.57471 0.53293 0.75279
0.68469 0.54132 0.52750
0.54410 0.33146 0.58055
0.60863 0.51470 0.61998
0.54899 0.37938 0.57675
0.71946 0.64537 0.59730
0.69916 0.53756 0.50454
0.42300 0.37792 0.46547
0.70836 0.53773 0.56113
0.61477 0.37079 0.58940
0.70242 0.45167 0.61096
0.57935 0.49525 0.51980
0.63069 0.39759 0.53270
0.65299 0.44180 0.51883
0.63955 0.53029 0.58556
0.59809 0.46007 0.49207
0.72202 0.62977 0.58964
0.59547 0.31583 0.47663
0.66393 0.51655 0.64996
0.68765 0.49354 0.52800
0.66282 0.62365 0.42021
0.67603 0.46676 0.40426
0.58881 0.42885 0.56500
0.44902 0.39386 0.50812
0.61087 0.54229 0.50895
0.54930 0.50086 0.57631
0.61904 0.41078 0.48320
0.58843 0.54026 0.58606
0.60660 0.27764 0.42126
0.62501 0.49462 0.62249
0.54796 0.39037 0.69471
0.44107 0.33139 0.46431
0.49249 0.33997 0.43226
0.59942 0.25934 0.37184
0.51462 0.44815 0.43971
0.65068 0.47517 0.45770
0.59290 0.44533 0.46178
0.72639 0.51483 0.54463
0.53149 0.46390 0.42423
0.68578 0.49101 0.56253
0.65067 0.50867 0.59604
0.72479 0.50936 0.52799
0.58226 0.42765 0.56747
0.67506 0.58128 0.56818
0.47513 0.45147 0.59685
0.42406 0.42293 0.40019
0.63088 0.44067 0.40553
0.58023 0.59343 0.54766
0.60256 0.60707 0.57445
0.72293 0.42780 0.51228
0.59934 0.43729 0.53616
0.58995 0.44892 0.53280
0.76140 0.53738 0.57349
0.66104 0.36869 0.39839
0.60987 0.42810 0.53649
0.70283 0.50662 0.56015
0.77612 0.67939 0.61544
0.41087 0.30290 0.54000
0.60550 0.56232 0.50914
0.74052 0.53449 0.56255
0.56301 0.39341 0.41698
0.59094 0.45243 0.45040
0.69194 0.48241 0.40805
0.55896 0.44610 0.63523
0.52842 0.36830 0.58677
0.62227 0.48233 0.43821
0.66830 0.45875 0.53108
0.77186 0.52808 0.46474
0.62437 0.61942 0.48040
0.63907 0.47146 0.44674
0.59162 0.42249 0.49088
0.64464 0.41990 0.54557
0.59702 0.39769 0.55657
0.58291 0.45752 0.65960
0.64305 0.38348 0.58362
0.59398 0.46586 0.52085
0.58498 0.44299 0.74206
0.67834 0.52588 0.52385
0.59305 0.50000 0.52894
0.69813 0.56287 0.55952
0.38760 0.32004 0.64571
0.66647 0.59152 0.62259
0.58700 0.41736 0.59370
0.68654 0.41074 0.64726
0.67353 0.39491 0.45832
0.57799 0.48195 0.55714
0.66975 0.38631 0.54327
0.54393 0.47306 0.45472
0.51276 0.45595 0.51922
0.52959 0.50250 0.48924
0.64426 0.59484 0.60835
0.67118 0.39766 0.44757
0.47383 0.39451 0.26996
0.69930 0.61899 0.48759
0.48364 0.48581 0.48752
0.64286 0.50517 0.54447
0.58410 0.43585 0.42435
0.67301 0.45833 0.51403
0.67743 0.27103 0.42355
0.61731 0.46150 0.62060
0.63724 0.26228 0.55780
0.68445 0.45770 0.53612
0.58354 0.35566 0.53208
0.62522 0.29276 0.45510
0.44047 0.45030 0.43889
0.57188 0.29077 0.40412
0.75625 0.50819 0.55161
0.53076 0.36622 0.50920
0.53489 0.29836 0.43573
0.50125 0.52861 0.58706
0.67665 0.55146 0.46338
0.64308 0.55969 0.48795
0.61757 0.52812 0.64349
0.68952 0.58273 0.65647
0.61852 0.49132 0.63112
0.57218 0.52107 0.61410
0.63486 0.43186 0.54678
0.56474 0.44524 0.60615
0.47316 0.49100 0.46187
0.60461 0.35040 0.45144
0.72507 0.46711 0.50255
0.54831 0.34383 0.38479
0.58412 0.26669 0.34428
0.55673 0.34822 0.52219
0.51982 0.48955 0.47503
0.49310 0.30201 0.53157
0.47685 0.40378 0.41237
0.68462 0.33936 0.43303
0.64012 0.41510 0.59041
0.66017 0.33365 0.45636
0.67987 0.46881 0.42985
0.71454 0.38551 0.41861
0.59416 0.29255 0.59104
0.59761 0.36036 0.67550
0.70259 0.49974 0.53982
0.62613 0.37006 0.40892
0.50738 0.40720 0.43608
0.60663 0.27155 0.63155
0.50945 0.42403 0.48435
0.64520 0.19021 0.34800
0.58621 0.43246 0.60288
0.47404 0.40302 0.50343
0.53548 0.47981 0.48621
0.63430 0.44884 0.67313
0.52902 0.49655 0.38073
0.54596 0.45868 0.54530
0.75213 0.33748 0.52687
0.53446 0.48553 0.71474
0.64981 0.51713 0.50686
0.49424 0.26864 0.34684
0.57436 0.34374 0.31826
0.67997 0.57346 0.54501
0.61904 0.31324 0.40901
0.51381 0.42410 0.53739
0.63051 0.59566 0.63699
0.50444 0.41246 0.40331
0.66852 0.39363 0.43881
0.61174 0.40957 0.56359
0.62403 0.28084 0.48378
0.74554 0.59492 0.62903
0.62245 0.58889 0.47498
0.62081 0.38792 0.47162
0.66638 0.46441 0.51836
0.60292 0.34178 0.56424
0.59050 0.47826 0.63841
0.68855 0.50459 0.55622
0.58450 0.40259 0.46051
0.59905 0.43849 0.57895
0.68064 0.39896 0.46236
0.64480 0.53763 0.50790
0.64225 0.58622 0.59512
0.59413 0.52944 0.64873
0.68976 0.57788 0.57335
0.59659 0.55109 0.50359
0.57470 0.53943 0.52396
0.74929 0.45851 0.53039
0.53359 0.25933 0.47238
0.49148 0.39523 0.41421
0.56475 0.53981 0.54063
0.63248 0.42695 0.49891
0.53645 0.44043 0.44656
0.54477 0.49426 0.51373
0.67150 0.55435 0.49039
0.66403 0.37532 0.55474
0.67925 0.61202 0.49497
0.41281 0.39021 0.39229
0.52437 0.40968 0.38098
0.65364 0.30048 0.36178
0.56007 0.46895 0.59338
0.59998 0.32537 0.65676
0.54777 0.43816 0.47055
0.56044 0.31693 0.33182
0.63538 0.59153 0.59795
0.60307 0.43030 0.38700
0.63990 0.43918 0.38025
0.44938 0.24214 0.53705
0.49491 0.47868 0.58282
0.61246 0.41220 0.57796
0.56287 0.34649 0.32907
0.68147 0.49055 0.61842
0.70887 0.61526 0.50209
0.60488 0.43709 0.52051
0.66683 0.56438 0.54320
0.66751 0.44048 0.50918
0.58341 0.42266 0.44703
0.56834 0.40496 0.42217
0.66190 0.49649 0.55327
0.46099 0.31296 0.31386
0.65734 0.56534 0.54855
0.56262 0.49849 0.56016
0.65359 0.48979 0.52706
0.73904 0.46142 0.52376
0.53769 0.44875 0.43834
0.56907 0.37899 0.62965
0.61778 0.43882 0.45480
0.51824 0.38823 0.37097
0.62923 0.32391 0.28932
0.70579 0.31558 0.49973
0.65176 0.56227 0.60586
0.64269 0.46845 0.31542
0.50042 0.41841 0.53520
0.65111 0.41458 0.49726
0.59918 0.34172 0.52993
0.74288 0.35782 0.50427
0.64782 0.53299 0.52111
0.56641 0.41317 0.68049
0.71139 0.65844 0.53486
0.75203 0.43873 0.55316
0.66315 0.27448 0.44448
0.63150 0.42014 0.55038
0.61092 0.48929 0.47252
0.51507 0.46702 0.39445
0.62136 0.47537 0.55512
0.65783 0.39965 0.38623
0.53748 0.50160 0.44306
0.37742 0.45906 0.42641
0.58924 0.52817 0.57458
0.63523 0.58594 0.48477
0.56593 0.37662 0.60938
0.72493 0.49048 0.44319
0.78959 0.64655 0.61328
0.41437 0.37234 0.39245
0.52601 0.52961 0.54195
0.56409 0.45574 0.39480
0.52717 0.41766 0.32567
0.64108 0.51143 0.41756
0.68151 0.47708 0.60674
0.65845 0.42351 0.50889
0.68858 0.56413 0.52484
0.58515 0.34671 0.39141
0.65538 0.34455 0.47334
0.64363 0.37482 0.31861
0.54787 0.47897 0.51117
0.66529 0.43616 0.40647
0.55407 0.31768 0.58022
0.59922 0.36032 0.54748
0.65074 0.45027 0.48173
0.66153 0.32165 0.43534
0.63937 0.37986 0.46351
0.62650 0.43601 0.38895
0.55417 0.32145 0.48417
0.68708 0.55412 0.52259
0.56454 0.50427 0.38727
0.52797 0.33507 0.66923
0.57304 0.56922 0.44589
0.52379 0.28752 0.50012
0.51192 0.54864 0.59662
0.69072 0.62689 0.51993
0.48760 0.34617 0.70142
0.63416 0.50249 0.51402
0.69422 0.53678 0.61421
0.56460 0.36822 0.46494
0.66766 0.25637 0.40964
0.55197 0.26599 0.51193
0.70630 0.47451 0.59844
0.63488 0.54444 0.67066
0.67514 0.38876 0.49805
0.55405 0.40713 0.43419
0.46746 0.32617 0.39781
0.63159 0.52588 0.58180
0.42445 0.38267 0.39105
0.64497 0.32832 0.51380
0.69099 0.52066 0.54599
0.62902 0.40855 0.56344
0.58240 0.32650 0.53137
0.62532 0.46642 0.56255
0.70078 0.43788 0.50871
0.62189 0.46739 0.59302
0.54043 0.42875 0.67692
0.54419 0.32605 0.32947
0.58645 0.37118 0.43005
0.52835 0.32270 0.66819
0.55042 0.55590 0.54502
0.63404 0.40813 0.44627
0.60850 0.37335 0.41609
0.65080 0.38853 0.46595
0.53857 0.36073 0.36457
0.71877 0.44395 0.62293
0.76833 0.63697 0.65126
0.59714 0.30362 0.53523
0.48660 0.30001 0.44512
0.70591 0.44231 0.51785
0.66489 0.51445 0.56485
0.63609 0.49384 0.56667
0.51854 0.53265 0.51570
0.58912 0.33481 0.29245
0.52248 0.31456 0.53889
0.59225 0.47440 0.55900
0.64479 0.47574 0.56438
0.72376 0.61512 0.59411
0.68773 0.31975 0.41227
0.60696 0.39006 0.34939
0.60374 0.43719 0.37006
0.67689 0.49868 0.43057
0.60119 0.33776 0.51062
0.59526 0.45699 0.40639
0.52737 0.32728 0.41668
0.67304 0.54559 0.46750
